0.00401225 2.20104e-05
 0.0123785 9.75923e-05
 0.0214573 0.000182584
 0.0313095 0.000250682
 0.0420007 0.000288513
 0.0536027 0.000294356
 0.0661928 0.000276068
 0.0798553 0.000244662
 0.0946815 0.000208989
   0.11077 0.000171881
   0.12823 0.000153137
  0.147176 0.000140685
  0.167737 0.000121543
  0.190048 0.000102647
   0.21426 8.65262e-05
  0.240534 7.5479e-05
  0.269046 6.94586e-05
  0.299987 6.78846e-05
  0.333563 6.82929e-05
  0.369999 6.95435e-05
  0.409538 0.000125191
  0.452445 0.000113636
  0.499007 9.83967e-05
  0.549534 8.08604e-05
  0.604366 6.55371e-05
  0.663867 5.64366e-05
  0.728437 5.32066e-05
  0.798506 5.75323e-05
  0.874544 6.27328e-05
  0.957058 6.79701e-05
