0.00401225 4.41456e-05
 0.0123785 4.41452e-05
 0.0214573 4.4145e-05
 0.0313095 4.41443e-05
 0.0420007 4.41438e-05
 0.0536027 4.41426e-05
 0.0661928 4.41419e-05
 0.0798553 4.41403e-05
 0.0946815 4.41398e-05
   0.11077 4.41401e-05
   0.12823 4.41387e-05
  0.147176 4.41389e-05
  0.167737 4.41405e-05
  0.190048 4.41421e-05
   0.21426 4.41444e-05
  0.240534 4.41434e-05
  0.269046 4.41427e-05
  0.299987 4.41423e-05
  0.333563 4.41356e-05
  0.369999 4.41355e-05
  0.409538 4.41327e-05
  0.452445 4.41303e-05
  0.499007 4.41291e-05
  0.549534 4.41257e-05
  0.604366 4.41212e-05
  0.663867 4.41182e-05
  0.728437 4.41123e-05
  0.798506 4.41023e-05
  0.874544 4.41018e-05
  0.957058 4.4099e-05
