0.00401225 0.00660792
 0.0123785  0.0139058
 0.0214573  0.0190105
 0.0313095  0.0222533
 0.0420007  0.0238353
 0.0536027  0.0240202
 0.0661928  0.0231921
 0.0798553  0.0217488
 0.0946815  0.0199994
   0.11077  0.0180105
   0.12823  0.0169006
  0.147176  0.0161047
  0.167737  0.0148382
  0.190048  0.0134787
   0.21426   0.012204
  0.240534  0.0112284
  0.269046  0.0106363
  0.299987  0.0104599
  0.333563  0.0104447
  0.369999  0.0105317
  0.409538  0.0149436
  0.452445  0.0141607
  0.499007  0.0130628
  0.549534  0.0116434
  0.604366  0.0102257
  0.663867 0.00921466
  0.728437 0.00878955
  0.798506 0.00925709
  0.874544 0.00973899
  0.957058  0.0102438
