0.00401225 0.00799062
 0.0123785  0.0237106
 0.0214573  0.0394565
 0.0313095  0.0546895
 0.0420007   0.068823
 0.0536027  0.0813567
 0.0661928  0.0920272
 0.0798553   0.100829
 0.0946815   0.107947
   0.11077   0.113595
   0.12823   0.117638
  0.147176   0.121609
  0.167737   0.125174
  0.190048   0.128303
   0.21426   0.131074
  0.240534   0.133448
  0.269046   0.135465
  0.299987   0.137142
  0.333563   0.138395
  0.369999   0.139071
  0.409538    0.13762
  0.452445   0.138776
  0.499007   0.140207
  0.549534   0.141782
  0.604366    0.14346
  0.663867    0.14509
  0.728437   0.146796
  0.798506   0.148374
  0.874544   0.149463
  0.957058    0.14953
