0.00401225 -2.88107e-08
 0.0123785 -2.04798e-07
 0.0214573 -9.73221e-07
 0.0313095 -2.31861e-06
 0.0420007 -3.85222e-06
 0.0536027 -5.22811e-06
 0.0661928 -6.12231e-06
 0.0798553 -6.58881e-06
 0.0946815 -6.54317e-06
   0.11077 -6.55018e-06
   0.12823 -6.9236e-06
  0.147176 -7.60028e-06
  0.167737 -8.05493e-06
  0.190048 -8.2342e-06
   0.21426 -7.91008e-06
  0.240534 -7.40082e-06
  0.269046 -6.07941e-06
  0.299987 -4.82529e-06
  0.333563 -2.93479e-06
  0.369999 -1.38849e-06
  0.409538 -1.85247e-06
  0.452445 -3.37288e-06
  0.499007 -4.90864e-06
  0.549534 -5.88207e-06
  0.604366 -7.18492e-06
  0.663867 -6.72609e-06
  0.728437 -6.69342e-06
  0.798506 -5.16016e-06
  0.874544 -3.29433e-06
  0.957058 -1.69819e-06
