0.00401225 9.09292e-05
 0.0123785 0.00015507
 0.0214573 0.000305577
 0.0313095 0.000522691
 0.0420007 0.000778368
 0.0536027 0.00105236
 0.0661928 0.00132925
 0.0798553 0.00160864
 0.0946815 0.00189592
   0.11077 0.00218463
   0.12823 0.00250651
  0.147176 0.00282029
  0.167737 0.00300857
  0.190048  0.0031179
   0.21426 0.00318503
  0.240534 0.00326496
  0.269046  0.0034011
  0.299987  0.0034661
  0.333563 0.00362937
  0.369999 0.00351479
  0.409538 0.00356419
  0.452445 0.00371582
  0.499007 0.00362528
  0.549534 0.00364308
  0.604366  0.0036637
  0.663867 0.00376687
  0.728437 0.00390879
  0.798506 0.00390556
  0.874544  0.0040776
  0.957058 0.00391712
