0.00401225 0.000589939
 0.0123785 0.00133813
 0.0214573 0.00191745
 0.0313095 0.00242559
 0.0420007 0.00288064
 0.0536027 0.00326094
 0.0661928  0.0035349
 0.0798553 0.00370475
 0.0946815 0.00379581
   0.11077 0.00382238
   0.12823 0.00378965
  0.147176 0.00374898
  0.167737 0.00372321
  0.190048  0.0037281
   0.21426 0.00373757
  0.240534  0.0037712
  0.269046 0.00377085
  0.299987 0.00378767
  0.333563 0.00378432
  0.369999 0.00397707
  0.409538  0.0037904
  0.452445 0.00359718
  0.499007 0.00360757
  0.549534  0.0035889
  0.604366 0.00361763
  0.663867 0.00371132
  0.728437 0.00372538
  0.798506 0.00375733
  0.874544 0.00374044
  0.957058 0.00395746
