0.00401225 2.74782e-05
 0.0123785 0.000115238
 0.0214573 0.000206098
 0.0313095 0.000271334
 0.0420007 0.000300527
 0.0536027 0.000296072
 0.0661928 0.00026837
 0.0798553 0.000228832
 0.0946815 0.000186327
   0.11077 0.000143298
   0.12823 0.000127095
  0.147176 0.000117307
  0.167737 9.89932e-05
  0.190048 8.13457e-05
   0.21426 6.73275e-05
  0.240534 5.98384e-05
  0.269046 5.92141e-05
  0.299987 6.35996e-05
  0.333563 6.98867e-05
  0.369999 7.57898e-05
  0.409538 0.000148315
  0.452445 0.000133662
  0.499007 0.000114575
  0.549534   9.34e-05
  0.604366 7.5852e-05
  0.663867 6.58327e-05
  0.728437 6.27005e-05
  0.798506 6.84524e-05
  0.874544 7.50487e-05
  0.957058 8.16859e-05
