0.00401225 5.85304e-05
 0.0123785 5.85298e-05
 0.0214573 5.85296e-05
 0.0313095 5.85285e-05
 0.0420007 5.85279e-05
 0.0536027 5.85262e-05
 0.0661928 5.85251e-05
 0.0798553 5.85227e-05
 0.0946815 5.85218e-05
   0.11077 5.8522e-05
   0.12823 5.85201e-05
  0.147176 5.85206e-05
  0.167737 5.85227e-05
  0.190048 5.85245e-05
   0.21426 5.85274e-05
  0.240534 5.85265e-05
  0.269046 5.85259e-05
  0.299987 5.85262e-05
  0.333563 5.85183e-05
  0.369999 5.85187e-05
  0.409538 5.85162e-05
  0.452445 5.85143e-05
  0.499007 5.85133e-05
  0.549534 5.8509e-05
  0.604366 5.85034e-05
  0.663867 5.84997e-05
  0.728437 5.84923e-05
  0.798506 5.84789e-05
  0.874544 5.84782e-05
  0.957058 5.84738e-05
