0.00401225 0.00739146
 0.0123785  0.0151249
 0.0214573  0.0202105
 0.0313095  0.0231591
 0.0420007  0.0243249
 0.0536027  0.0240785
 0.0661928  0.0228446
 0.0798553  0.0210002
 0.0946815   0.018835
   0.11077  0.0163664
   0.12823  0.0153232
  0.147176  0.0146404
  0.167737  0.0133095
  0.190048  0.0118922
   0.21426    0.01063
  0.240534  0.0098633
  0.269046 0.00973219
  0.299987  0.0101175
  0.333563  0.0106056
  0.369999  0.0110526
  0.409538  0.0163572
  0.452445  0.0154138
  0.499007  0.0141165
  0.549534  0.0124996
  0.604366  0.0109683
  0.663867 0.00991826
  0.728437 0.00952587
  0.798506  0.0101167
  0.874544  0.0106835
  0.957058  0.0112643
