0.00401225 0.00861356
 0.0123785  0.0253533
 0.0214573  0.0418798
 0.0313095  0.0576371
 0.0420007  0.0720811
 0.0536027  0.0847784
 0.0661928  0.0955219
 0.0798553   0.104334
 0.0946815   0.111411
   0.11077   0.116943
   0.12823   0.120639
  0.147176   0.124444
  0.167737    0.12783
  0.190048   0.130688
   0.21426    0.13311
  0.240534   0.135097
  0.269046   0.136678
  0.299987   0.137887
  0.333563   0.138622
  0.369999   0.138703
  0.409538    0.13603
  0.452445   0.136854
  0.499007   0.138142
  0.549534   0.139784
  0.604366   0.141694
  0.663867    0.14364
  0.728437    0.14577
  0.798506   0.147728
  0.874544   0.149081
  0.957058   0.149123
