0.00401225 -3.47139e-08
 0.0123785 -1.56658e-07
 0.0214573 -7.49664e-07
 0.0313095 -1.71955e-06
 0.0420007 -2.68375e-06
 0.0536027 -3.41921e-06
 0.0661928 -3.73836e-06
 0.0798553 -3.75884e-06
 0.0946815 -3.30908e-06
   0.11077 -3.0208e-06
   0.12823 -3.26461e-06
  0.147176 -3.92086e-06
  0.167737 -4.45892e-06
  0.190048 -4.65933e-06
   0.21426 -4.43164e-06
  0.240534 -3.93605e-06
  0.269046 -2.7285e-06
  0.299987 -1.60123e-06
  0.333563 1.47204e-07
  0.369999 1.4574e-06
  0.409538 3.42915e-07
  0.452445 -2.35366e-06
  0.499007 -4.7344e-06
  0.549534 -6.49158e-06
  0.604366 -8.42345e-06
  0.663867 -8.10817e-06
  0.728437 -8.09986e-06
  0.798506 -6.23589e-06
  0.874544 -3.6991e-06
  0.957058 -1.9938e-06
