0.00401225 0.000103796
 0.0123785 0.000159005
 0.0214573 0.000300406
 0.0313095 0.000515173
 0.0420007 0.000770024
 0.0536027 0.00104018
 0.0661928 0.00130966
 0.0798553 0.00158037
 0.0946815 0.00186218
   0.11077 0.00214792
   0.12823 0.00248574
  0.147176 0.00282228
  0.167737 0.00300568
  0.190048 0.00309518
   0.21426 0.00315033
  0.240534  0.0032348
  0.269046  0.0034084
  0.299987 0.00349902
  0.333563 0.00374022
  0.369999 0.00363901
  0.409538 0.00375966
  0.452445  0.0040013
  0.499007 0.00392761
  0.549534 0.00397044
  0.604366 0.00400469
  0.663867 0.00412468
  0.728437 0.00429522
  0.798506   0.004283
  0.874544  0.0044808
  0.957058 0.00428987
