0.00401225 0.000558666
 0.0123785 0.00129959
 0.0214573 0.00190761
 0.0313095 0.00246172
 0.0420007  0.0029594
 0.0536027  0.0033598
 0.0661928 0.00362621
 0.0798553 0.00376294
 0.0946815  0.0037989
   0.11077 0.00375814
   0.12823 0.00363461
  0.147176 0.00350821
  0.167737 0.00343641
  0.190048  0.0034186
   0.21426 0.00342536
  0.240534 0.00345372
  0.269046 0.00347786
  0.299987  0.0035486
  0.333563 0.00364778
  0.369999 0.00402203
  0.409538   0.003865
  0.452445 0.00370518
  0.499007 0.00380101
  0.549534 0.00384636
  0.604366  0.0039195
  0.663867  0.0040349
  0.728437 0.00402615
  0.798506 0.00402662
  0.874544 0.00398528
  0.957058 0.00425266
