0.00401225 6.06914e-05
 0.0123785 0.000191956
 0.0214573 0.000274704
 0.0313095 0.000297454
 0.0420007 0.000280519
 0.0536027 0.000246249
 0.0661928 0.000210867
 0.0798553 0.000181474
 0.0946815 0.000159466
   0.11077 0.000136449
   0.12823 0.000183022
  0.147176 0.000196237
  0.167737 0.000171478
  0.190048 0.000141692
   0.21426 0.000117615
  0.240534 0.000107627
  0.269046 0.000112151
  0.299987 0.000127332
  0.333563 0.000147655
  0.369999 0.000165011
  0.409538 0.000274602
  0.452445 0.000224368
  0.499007 0.000182409
  0.549534 0.000146314
  0.604366 0.000122945
  0.663867 0.000108128
  0.728437 9.91951e-05
  0.798506 0.000101867
  0.874544 0.000107184
  0.957058 0.00013038
