0.00401225 0.000167846
 0.0123785 0.000167844
 0.0214573 0.000167844
 0.0313095 0.000167843
 0.0420007 0.000167845
 0.0536027 0.000167845
 0.0661928 0.000167848
 0.0798553 0.000167849
 0.0946815 0.000167855
   0.11077 0.000167865
   0.12823 0.000167875
  0.147176 0.000167894
  0.167737 0.000167909
  0.190048 0.000167915
   0.21426 0.000167919
  0.240534 0.000167917
  0.269046 0.000167918
  0.299987 0.000167924
  0.333563 0.000167899
  0.369999 0.000167886
  0.409538 0.000167877
  0.452445 0.000167873
  0.499007 0.000167855
  0.549534 0.000167827
  0.604366 0.000167806
  0.663867 0.000167787
  0.728437 0.000167765
  0.798506 0.000167719
  0.874544 0.000167721
  0.957058 0.000167693
