0.00401225   0.010979
 0.0123785   0.019481
 0.0214573  0.0232336
 0.0313095   0.024051
 0.0420007  0.0231643
 0.0536027  0.0214543
 0.0661928  0.0195857
 0.0798553  0.0179241
 0.0946815  0.0166002
   0.11077  0.0151356
   0.12823  0.0179549
  0.147176  0.0186632
  0.167737  0.0172966
  0.190048  0.0155024
   0.21426  0.0138902
  0.240534  0.0131395
  0.269046  0.0133985
  0.299987  0.0144186
  0.333563  0.0155721
  0.369999  0.0165138
  0.409538  0.0222564
  0.452445  0.0198906
  0.499007  0.0177289
  0.549534  0.0156011
  0.604366  0.0140485
  0.663867  0.0129168
  0.728437  0.0122204
  0.798506  0.0125137
  0.874544  0.0129146
  0.957058  0.0145799
