0.00401225  0.0134714
 0.0123785  0.0382268
 0.0214573  0.0609726
 0.0313095   0.080728
 0.0420007  0.0968856
 0.0536027   0.109291
 0.0661928   0.118253
 0.0798553   0.124313
 0.0946815   0.128082
   0.11077   0.129898
   0.12823   0.128575
  0.147176   0.129685
  0.167737   0.131415
  0.190048   0.133146
   0.21426   0.134802
  0.240534   0.136107
  0.269046   0.137002
  0.299987   0.137481
  0.333563   0.137145
  0.369999   0.135328
  0.409538   0.125506
  0.452445   0.126194
  0.499007   0.128248
  0.549534   0.131583
  0.604366   0.135697
  0.663867   0.139845
  0.728437    0.14401
  0.798506   0.147549
  0.874544   0.149679
  0.957058   0.149316
