0.00401225 -9.70196e-08
 0.0123785 -3.18399e-07
 0.0214573 -1.44291e-06
 0.0313095 -3.0452e-06
 0.0420007 -4.17694e-06
 0.0536027 -4.5933e-06
 0.0661928 -4.17462e-06
 0.0798553 -3.20912e-06
 0.0946815 -1.19392e-06
   0.11077 2.94883e-07
   0.12823 -7.12594e-08
  0.147176 -1.84531e-06
  0.167737 -3.62613e-06
  0.190048 -4.35422e-06
   0.21426 -4.26314e-06
  0.240534 -3.07047e-06
  0.269046 -1.62554e-07
  0.299987 3.2883e-06
  0.333563 8.54858e-06
  0.369999 1.21436e-05
  0.409538 8.09009e-06
  0.452445 8.34969e-07
  0.499007 -4.02359e-06
  0.549534 -8.98777e-06
  0.604366 -1.15043e-05
  0.663867 -1.02525e-05
  0.728437 -8.37274e-06
  0.798506 -5.78823e-06
  0.874544 -1.32068e-06
  0.957058 -1.24064e-06
