0.00401225 0.000178885
 0.0123785 0.000266222
 0.0214573 0.000492128
 0.0313095 0.000841268
 0.0420007 0.00125676
 0.0536027 0.00169495
 0.0661928 0.00212538
 0.0798553 0.00255037
 0.0946815 0.00298652
   0.11077 0.00342383
   0.12823 0.00396251
  0.147176  0.0045035
  0.167737 0.00475958
  0.190048 0.00483227
   0.21426  0.0048229
  0.240534 0.00485599
  0.269046 0.00506935
  0.299987 0.00512491
  0.333563 0.00548426
  0.369999  0.0051341
  0.409538 0.00523695
  0.452445 0.00559839
  0.499007   0.005258
  0.549534  0.0051344
  0.604366 0.00501851
  0.663867 0.00503823
  0.728437 0.00521542
  0.798506 0.00508322
  0.874544 0.00545758
  0.957058 0.00495192
