0.00401225 0.000900993
 0.0123785 0.00208172
 0.0214573 0.00306058
 0.0313095 0.00396867
 0.0420007  0.0047829
 0.0536027 0.00541658
 0.0661928  0.0057979
 0.0798553 0.00593053
 0.0946815 0.00586917
   0.11077 0.00566477
   0.12823 0.00528796
  0.147176 0.00488627
  0.167737 0.00459691
  0.190048 0.00443942
   0.21426 0.00436263
  0.240534 0.00436208
  0.269046 0.00436848
  0.299987 0.00452809
  0.333563 0.00476873
  0.369999 0.00556394
  0.409538   0.005141
  0.452445 0.00466437
  0.499007 0.00478095
  0.549534 0.00478242
  0.604366 0.00483154
  0.663867 0.00490199
  0.728437 0.00467463
  0.798506 0.00461548
  0.874544 0.00421872
  0.957058 0.00486465
