0.00401225 2.03313e-05
 0.0123785 0.000101115
 0.0214573 0.000200892
 0.0313095 0.00027908
 0.0420007 0.000316356
 0.0536027 0.000317008
 0.0661928 0.000294917
 0.0798553 0.000262967
 0.0946815 0.000229319
   0.11077 0.000196125
   0.12823 0.00017818
  0.147176 0.000165817
  0.167737 0.00014827
  0.190048 0.00013074
   0.21426 0.00011494
  0.240534 0.00010229
  0.269046 9.34178e-05
  0.299987 8.82424e-05
  0.333563 8.47016e-05
  0.369999 8.12115e-05
  0.409538 0.000121178
  0.452445 0.000109282
  0.499007 9.42565e-05
  0.549534 7.73501e-05
  0.604366 6.24339e-05
  0.663867 5.32876e-05
  0.728437 4.93708e-05
  0.798506 5.18617e-05
  0.874544 5.54728e-05
  0.957058 5.9741e-05
