0.00401225 3.54365e-05
 0.0123785 3.54363e-05
 0.0214573 3.54364e-05
 0.0313095 3.54364e-05
 0.0420007 3.54368e-05
 0.0536027 3.54369e-05
 0.0661928 3.54376e-05
 0.0798553 3.54377e-05
 0.0946815 3.54386e-05
   0.11077 3.54401e-05
   0.12823  3.544e-05
  0.147176 3.54407e-05
  0.167737 3.54424e-05
  0.190048 3.54439e-05
   0.21426 3.54458e-05
  0.240534 3.54446e-05
  0.269046 3.54432e-05
  0.299987 3.54419e-05
  0.333563 3.54353e-05
  0.369999 3.54341e-05
  0.409538 3.54303e-05
  0.452445 3.54269e-05
  0.499007 3.54246e-05
  0.549534 3.54205e-05
  0.604366 3.54156e-05
  0.663867 3.54119e-05
  0.728437 3.54062e-05
  0.798506 3.53976e-05
  0.874544 3.53966e-05
  0.957058 3.53943e-05
