0.00401225 0.00628345
 0.0123785  0.0140077
 0.0214573  0.0197505
 0.0313095  0.0232553
 0.0420007  0.0247028
 0.0536027  0.0246429
 0.0661928  0.0236552
 0.0798553  0.0221979
 0.0946815  0.0205692
   0.11077  0.0188307
   0.12823  0.0178003
  0.147176  0.0170438
  0.167737  0.0159475
  0.190048  0.0147803
   0.21426  0.0136523
  0.240534  0.0126792
  0.269046  0.0119718
  0.299987  0.0115743
  0.333563  0.0112947
  0.369999  0.0110362
  0.409538  0.0143016
  0.452445  0.0135381
  0.499007  0.0124957
  0.549534  0.0111656
  0.604366 0.00983478
  0.663867 0.00888759
  0.728437 0.00845181
  0.798506 0.00878519
  0.874544 0.00916581
  0.957058 0.00962324
