0.00401225 0.00831142
 0.0123785  0.0248009
 0.0214573  0.0412208
 0.0313095  0.0566995
 0.0420007  0.0705687
 0.0536027  0.0825035
 0.0661928  0.0924617
 0.0798553   0.100581
 0.0946815   0.107107
   0.11077   0.112293
   0.12823     0.1161
  0.147176    0.11981
  0.167737   0.123183
  0.190048   0.126199
   0.21426   0.128928
  0.240534   0.131346
  0.269046   0.133489
  0.299987   0.135359
  0.333563   0.136897
  0.369999   0.138016
  0.409538   0.137456
  0.452445   0.138967
  0.499007   0.140686
  0.549534   0.142498
  0.604366   0.144345
  0.663867   0.146049
  0.728437   0.147708
  0.798506   0.149188
  0.874544    0.15022
  0.957058   0.150364
