0.00401225 -3.47105e-08
 0.0123785 -5.9865e-07
 0.0214573 -2.67445e-06
 0.0313095 -5.81131e-06
 0.0420007 -8.91405e-06
 0.0536027 -1.14135e-05
 0.0661928 -1.30989e-05
 0.0798553 -1.41413e-05
 0.0946815 -1.45488e-05
   0.11077 -1.47838e-05
   0.12823 -1.51536e-05
  0.147176 -1.56984e-05
  0.167737 -1.60201e-05
  0.190048 -1.6047e-05
   0.21426 -1.55214e-05
  0.240534 -1.4808e-05
  0.269046 -1.33392e-05
  0.299987 -1.19028e-05
  0.333563 -9.7843e-06
  0.369999 -7.98484e-06
  0.409538 -7.86175e-06
  0.452445 -8.34023e-06
  0.499007 -8.59579e-06
  0.549534 -8.30378e-06
  0.604366 -8.46312e-06
  0.663867 -7.24668e-06
  0.728437 -6.71305e-06
  0.798506 -4.87296e-06
  0.874544 -3.108e-06
  0.957058 -1.46321e-06
