0.00401225 8.94108e-05
 0.0123785 0.000238761
 0.0214573 0.000521573
 0.0313095 0.000888049
 0.0420007 0.00129873
 0.0536027 0.00172318
 0.0661928 0.00213642
 0.0798553 0.00252811
 0.0946815 0.00289906
   0.11077 0.00324508
   0.12823 0.00357664
  0.147176 0.00386911
  0.167737 0.00405626
  0.190048 0.00416789
   0.21426 0.00422843
  0.240534 0.00427773
  0.269046 0.00433215
  0.299987 0.00432553
  0.333563  0.0043547
  0.369999 0.00419197
  0.409538  0.0041233
  0.452445 0.00412807
  0.499007 0.00394636
  0.549534 0.00384516
  0.604366 0.00375254
  0.663867 0.00374125
  0.728437 0.00378054
  0.798506 0.00372099
  0.874544 0.00382831
  0.957058 0.00366304
