0.00401225   0.001083
 0.0123785 0.00244039
 0.0214573 0.00338056
 0.0313095  0.0040696
 0.0420007 0.00456045
 0.0536027 0.00487608
 0.0661928 0.00506974
 0.0798553  0.0051762
 0.0946815  0.0052096
   0.11077 0.00520797
   0.12823 0.00516904
  0.147176 0.00511578
  0.167737 0.00507573
  0.190048  0.0050649
   0.21426 0.00506106
  0.240534 0.00505158
  0.269046 0.00497431
  0.299987 0.00487948
  0.333563 0.00478215
  0.369999 0.00480142
  0.409538 0.00456262
  0.452445 0.00427131
  0.499007 0.00409851
  0.549534 0.00390436
  0.604366 0.00375013
  0.663867 0.00368633
  0.728437 0.00360777
  0.798506 0.00356342
  0.874544 0.00350394
  0.957058 0.00366844
