0.00401225 3.70974e-05
 0.0123785 0.000142122
 0.0214573 0.000237056
 0.0313095 0.000292989
 0.0420007 0.00030651
 0.0536027 0.000287246
 0.0661928 0.000249877
 0.0798553 0.00020656
 0.0946815 0.000165154
   0.11077 0.000125149
   0.12823 0.000125917
  0.147176 0.000124843
  0.167737 0.000107605
  0.190048 8.93005e-05
   0.21426 7.48833e-05
  0.240534 6.88388e-05
  0.269046 7.14289e-05
  0.299987 8.00718e-05
  0.333563 9.04552e-05
  0.369999 9.88483e-05
  0.409538 0.000189719
  0.452445 0.000166839
  0.499007 0.000140724
  0.549534 0.000113882
  0.604366 9.36742e-05
  0.663867 8.25496e-05
  0.728437 7.88992e-05
  0.798506 8.5072e-05
  0.874544 9.14512e-05
  0.957058 0.000101239
