0.00401225 8.68161e-05
 0.0123785 8.68153e-05
 0.0214573 8.6815e-05
 0.0313095 8.68137e-05
 0.0420007 8.68132e-05
 0.0536027 8.68113e-05
 0.0661928 8.68106e-05
 0.0798553 8.6808e-05
 0.0946815 8.68077e-05
   0.11077 8.68092e-05
   0.12823 8.68084e-05
  0.147176 8.68112e-05
  0.167737 8.68154e-05
  0.190048 8.68181e-05
   0.21426 8.6822e-05
  0.240534 8.68208e-05
  0.269046 8.68208e-05
  0.299987 8.68225e-05
  0.333563 8.68112e-05
  0.369999 8.68106e-05
  0.409538 8.68074e-05
  0.452445 8.68055e-05
  0.499007 8.68026e-05
  0.549534 8.67943e-05
  0.604366 8.6785e-05
  0.663867 8.67783e-05
  0.728437 8.67672e-05
  0.798506 8.67468e-05
  0.874544 8.67461e-05
  0.957058 8.67381e-05
