0.00401225  0.0085869
 0.0123785  0.0167872
 0.0214573  0.0216519
 0.0313095  0.0240194
 0.0420007   0.024487
 0.0536027  0.0235964
 0.0661928  0.0218779
 0.0798553  0.0197424
 0.0946815  0.0174818
   0.11077  0.0149968
   0.12823  0.0150347
  0.147176  0.0149389
  0.167737  0.0137281
  0.190048  0.0123223
   0.21426  0.0110919
  0.240534  0.0105065
  0.269046  0.0106744
  0.299987  0.0113863
  0.333563  0.0121106
  0.369999  0.0126641
  0.409538  0.0185182
  0.452445  0.0172188
  0.499007  0.0156336
  0.549534   0.013791
  0.604366  0.0122098
  0.663867  0.0111713
  0.728437  0.0107879
  0.798506  0.0113842
  0.874544  0.0118923
  0.957058  0.0126587
