0.00401225  0.0101382
 0.0123785  0.0295088
 0.0214573  0.0482081
 0.0313095  0.0655136
 0.0420007   0.080797
 0.0536027  0.0936476
 0.0661928   0.103987
 0.0798553   0.112008
 0.0946815   0.118066
   0.11077   0.122431
   0.12823    0.12461
  0.147176   0.127451
  0.167737     0.1301
  0.190048   0.132325
   0.21426    0.13419
  0.240534   0.135634
  0.269046   0.136687
  0.299987   0.137396
  0.333563   0.137609
  0.369999   0.137036
  0.409538   0.132461
  0.452445   0.133198
  0.499007   0.134663
  0.549534   0.136759
  0.604366   0.139351
  0.663867   0.142033
  0.728437   0.144871
  0.798506   0.147383
  0.874544   0.149161
  0.957058   0.149088
