0.00480001 -1.11882e-07
 0.0148983 -3.87548e-06
  0.026045 -1.43545e-05
 0.0383488 -2.48099e-05
   0.05193 -3.15747e-05
  0.066921 -3.57226e-05
 0.0834683 -3.83862e-05
  0.101734 -4.01842e-05
  0.121895 -4.12757e-05
  0.144149 -4.20178e-05
  0.168714 -4.28904e-05
  0.195829 -4.33747e-05
  0.225758 -4.37632e-05
  0.258795 -4.46328e-05
  0.295262 -4.47661e-05
  0.335514 -4.39601e-05
  0.379945 -4.26794e-05
  0.428988 -4.08336e-05
  0.483123 -3.90318e-05
  0.542878 -3.59807e-05
  0.608836 -3.29387e-05
  0.681641 -2.67929e-05
  0.762005 -2.11088e-05
  0.850711 -1.35889e-05
  0.948626 -5.41777e-06
