0.00401225 0.000126938
 0.0123785 0.000192176
 0.0214573 0.000359859
 0.0313095 0.000616172
 0.0420007 0.000920615
 0.0536027 0.00124238
 0.0661928 0.00156115
 0.0798553 0.00187847
 0.0946815 0.00220615
   0.11077 0.00253665
   0.12823  0.0029345
  0.147176 0.00333185
  0.167737 0.00353481
  0.190048 0.00361524
   0.21426 0.00364923
  0.240534 0.00372188
  0.269046  0.0039203
  0.299987 0.00402024
  0.333563 0.00431669
  0.369999 0.00416262
  0.409538 0.00429707
  0.452445  0.0045874
  0.499007 0.00445354
  0.549534  0.0044556
  0.604366 0.00443663
  0.663867 0.00452412
  0.728437 0.00469868
  0.798506 0.00466882
  0.874544 0.00491394
  0.957058 0.00466958
