0.00480001 0.00282865
 0.0148983 0.00609697
  0.026045 0.00808838
 0.0383488 0.00927321
   0.05193 0.00986581
  0.066921   0.010121
 0.0834683  0.0101955
  0.101734  0.0101387
  0.121895  0.0099966
  0.144149  0.0098308
  0.168714 0.00965373
  0.195829  0.0094986
  0.225758 0.00938333
  0.258795 0.00928323
  0.295262  0.0091199
  0.335514 0.00890274
  0.379945  0.0087178
  0.428988 0.00849164
  0.483123 0.00837252
  0.542878 0.00807208
  0.608836 0.00714782
  0.681641 0.00615438
  0.762005 0.00556729
  0.850711 0.00516619
  0.948626 0.00496024
